maps/mercator1_ascii.asc
ncols         104
nrows         157
xllcorner     -200
yllcorner     -304
cellsize      3
NODATA_value  -9999
[rows 88 to 131 of 157, columns 0 to 95 of 104]
201 201 201 201 201 201 201 201 201 201 201 201 201 201 201 201 201 201 201 201 201 201 201 201 201 201 201 201 201 201 201 11 7 4 2 6 202 201 201 201 201 201 201 201 201 201 201 201 201 201 201 201 201 201 201 201 203 4 6 10 203 201 201 201 201 201 201 201 201 201 201 201 201 201 201 201 201 201 201 201 201 201 201 201 201 3 3 3 202 201 3 202 6 4 8 203
201 201 201 201 201 201 201 201 201 201 201 201 201 201 201 201 201 201 201 201 201 201 201 201 201 201 201 201 201 201 202 9 5 3 2 201 201 201 201 201 201 201 201 201 201 201 201 201 201 201 201 201 201 201 201 201 201 202 201 201 201 201 201 201 201 201 201 201 201 201 201 201 201 201 201 201 201 201 201 201 201 201 201 201 201 201 201 201 201 201 201 201 6 7 4 203
201 201 201 201 201 201 201 201 201 201 201 201 201 201 201 201 201 201 201 201 201 201 201 201 201 201 201 201 201 201 202 9 5 2 201 201 201 201 201 201 201 201 201 201 201 201 201 201 201 201 201 201 201 201 201 201 201 201 201 201 201 201 201 201 201 201 201 201 201 201 201 201 201 201 201 201 201 201 201 201 201 201 201 201 201 201 201 201 201 201 201 201 201 202 202 202
201 201 201 201 201 201 201 201 201 201 201 201 201 201 201 201 201 201 201 201 201 201 201 201 201 201 201 201 201 201 202 8 4 201 201 201 201 201 201 201 201 201 201 201 201 201 201 201 201 201 201 201 201 201 201 201 201 201 201 201 201 201 201 201 201 201 201 201 201 201 201 201 201 201 201 201 201 201 201 201 201 201 201 201 201 201 201 201 201 201 201 201 201 202 202 201
201 201 201 201 201 201 201 201 201 201 201 201 201 201 201 201 201 201 201 201 201 201 201 201 201 201 201 201 201 201 203 7 4 201 201 201 201 201 201 201 201 201 201 201 201 201 201 201 201 201 201 201 201 201 201 201 201 201 201 201 201 201 201 201 201 201 201 201 201 201 201 201 201 201 201 201 201 201 201 201 201 201 201 201 201 201 201 201 201 201 201 201 201 203 202 201
201 201 201 201 201 201 201 201 201 201 201 201 201 201 201 201 201 201 201 201 201 201 201 201 201 201 201 201 201 201 203 7 4 201 201 201 201 201 201 201 201 201 201 201 201 201 201 201 201 201 201 201 201 201 201 201 201 201 201 201 201 201 201 201 201 201 201 201 201 201 201 201 201 201 201 201 201 201 201 201 201 201 201 201 201 201 201 201 201 201 201 201 201 201 201 201
201 201 201 201 201 201 201 201 201 201 201 201 201 201 201 201 201 201 201 201 201 201 201 201 201 201 201 201 201 202 203 8 202 201 201 201 201 201 201 201 201 201 201 201 201 201 201 201 201 201 201 201 201 201 201 201 201 201 201 201 201 201 201 201 201 201 201 201 201 201 201 201 201 201 201 201 201 201 201 201 201 201 201 201 201 201 201 201 201 201 201 201 201 201 201 201
201 201 201 201 201 201 201 201 201 201 201 201 201 201 201 201 201 201 201 201 201 201 201 201 201 201 201 201 201 201 203 8 202 201 201 201 201 201 201 201 201 201 201 201 201 201 201 201 201 201 201 201 201 201 201 201 201 201 201 201 201 201 201 201 201 201 201 201 201 201 201 201 201 201 201 201 201 201 201 201 201 201 201 201 201 201 201 201 201 201 201 201 201 201 201 201
201 201 201 201 201 201 201 201 201 201 201 201 201 201 201 201 201 201 201 201 201 201 201 201 201 201 201 201 201 201 202 7 202 201 201 201 201 201 201 201 201 201 201 201 201 201 201 201 201 201 201 201 201 201 201 201 201 201 201 201 201 201 201 201 201 201 201 201 201 201 201 201 201 201 201 201 201 201 201 201 201 201 201 201 201 201 201 201 201 201 201 201 201 201 201 201
201 201 201 201 201 201 201 201 201 201 201 201 201 201 201 201 201 201 201 201 201 201 201 201 201 201 201 201 201 201 202 202 202 201 201 201 201 201 201 201 201 201 201 201 201 201 201 201 201 201 201 201 201 201 201 201 201 201 201 201 201 201 201 201 201 201 201 201 201 201 201 201 201 201 201 201 201 201 201 201 201 201 201 201 201 201 201 201 201 201 201 201 201 201 201 201
201 201 201 201 201 201 201 201 201 201 201 201 201 201 201 201 201 201 201 201 201 201 201 201 201 201 201 201 201 201 201 201 202 201 201 201 201 201 201 201 201 201 201 201 201 201 201 201 201 201 201 201 201 201 201 201 201 201 201 201 201 201 201 201 201 201 201 201 201 201 201 201 201 201 201 201 201 201 201 201 201 201 201 201 201 201 201 201 201 201 201 201 201 201 201 201
201 201 201 201 201 201 201 201 201 201 201 201 201 201 201 201 201 201 201 201 201 201 201 201 201 201 201 201 201 201 201 201 201 201 201 201 201 201 201 201 201 201 201 201 201 201 201 201 201 201 201 201 201 201 201 201 201 201 201 201 201 201 201 201 201 201 201 201 201 201 201 201 201 201 201 201 201 201 201 201 201 201 201 201 201 201 201 201 201 201 201 201 201 201 201 201
201 201 201 201 201 201 201 201 201 201 201 201 201 201 201 201 201 201 201 201 201 201 201 201 201 201 201 201 201 201 201 201 201 201 202 202 201 201 201 201 201 201 201 201 201 201 201 201 201 201 201 201 201 201 201 201 201 201 201 201 201 201 201 201 201 201 201 201 201 201 201 201 201 201 201 201 201 201 201 201 201 201 201 201 201 201 201 201 201 201 201 201 201 201 201 201
201 201 201 201 201 201 201 201 201 201 201 201 201 201 201 201 201 201 201 201 201 201 201 201 201 201 201 201 201 201 201 201 201 202 8 202 201 201 201 201 201 201 201 201 201 201 201 201 201 201 201 201 201 201 201 201 201 201 201 201 201 201 201 201 201 201 201 201 201 201 201 201 201 201 201 201 201 201 201 201 201 201 201 201 201 201 201 201 201 201 201 201 201 201 201 201
201 201 201 201 201 201 201 201 201 201 201 201 201 201 201 201 201 201 201 201 201 201 201 201 201 201 201 201 201 201 201 201 202 8 6 202 201 201 201 201 201 201 201 201 201 201 201 201 201 201 201 201 201 201 201 201 201 201 201 201 201 201 201 201 201 202 206 207 206 203 201 201 201 201 201 202 204 206 206 206 206 202 201 201 201 201 201 201 201 201 201 201 201 201 201 201
201 201 201 201 201 201 201 201 201 201 201 201 201 201 201 201 201 201 201 201 201 201 201 201 201 201 201 201 201 201 201 201 202 8 6 202 201 201 201 201 201 201 201 201 201 201 201 201 201 201 201 201 201 201 201 201 201 201 201 201 201 201 201 201 201 202 206 207 206 203 201 201 201 201 201 202 204 206 206 206 206 202 201 201 201 201 201 201 201 201 201 201 201 201 201 201
201 201 201 201 201 201 201 201 201 201 201 201 201 201 201 201 201 201 201 201 201 201 201 201 201 201 201 201 201 201 201 201 202 201 53 201 201 201 201 201 201 201 201 201 201 201 201 201 201 201 201 201 201 201 201 201 201 201 201 201 203 204 203 205 207 207 108 107 58 206 204 203 202 202 205 107 107 107 107 57 57 54 201 201 201 201 202 202 202 201 51 51 201 201 201 201
201 201 201 201 201 201 201 201 201 201 201 201 201 201 201 201 201 201 201 201 201 201 201 201 201 201 201 201 201 201 201 202 52 53 53 201 201 201 201 201 201 201 201 201 201 201 201 201 201 202 203 203 205 206 207 207 207 207 206 207 207 207 107 108 107 107 103 102 104 106 104 203 203 206 107 107 106 105 104 103 104 56 201 201 201 202 54 54 53 202 201 201 201 201 201 201
201 201 201 201 201 201 201 201 201 201 201 201 201 201 201 201 201 201 201 201 201 201 201 201 201 201 201 201 201 201 201 202 52 53 53 201 201 201 201 201 201 201 201 201 201 201 201 201 201 202 203 203 205 206 207 207 207 207 206 207 207 207 107 108 107 107 103 102 104 106 104 203 203 206 107 107 106 105 104 103 104 56 201 201 201 202 54 54 53 202 201 201 201 201 201 201
201 201 201 201 201 201 201 201 201 201 201 201 201 201 201 201 201 201 201 201 201 201 201 201 201 201 201 201 201 202 202 202 53 53 54 201 201 201 201 201 201 201 201 201 201 201 201 202 55 105 106 106 107 107 108 107 107 107 107 107 107 106 106 105 103 103 104 103 102 104 105 105 106 107 105 104 104 104 104 102 102 107 205 204 54 56 107 107 107 54 53 53 203 203 202 202
201 201 201 201 201 201 201 201 201 201 201 201 202 202 201 202 203 202 201 201 201 201 201 201 201 201 201 201 51 51 52 53 52 53 54 201 201 201 201 201 201 201 201 201 201 201 102 104 106 106 106 106 105 105 104 104 103 104 104 104 104 104 105 105 104 104 104 104 104 103 105 106 106 104 104 104 104 102 104 104 103 105 57 57 57 107 107 108 107 107 56 56 55 54 54 55
201 201 201 201 201 201 201 201 201 201 201 201 202 202 201 202 203 202 201 201 201 201 201 201 201 201 201 201 51 51 52 53 52 53 54 201 201 201 201 201 201 201 201 201 201 201 102 104 106 106 106 106 105 105 104 104 103 104 104 104 104 104 105 105 104 104 104 104 104 103 105 106 106 104 104 104 104 102 104 104 103 105 57 57 57 107 107 108 107 107 56 56 55 54 54 55
201 201 201 201 201 201 201 201 201 53 53 53 53 53 52 53 52 52 51 201 201 201 201 201 202 202 202 202 201 202 202 51 52 53 203 201 201 201 201 201 201 201 202 103 104 104 105 106 105 104 103 102 104 104 104 104 104 104 104 104 104 104 104 104 104 102 102 103 104 104 105 105 105 104 104 103 102 101 102 104 104 104 106 107 107 105 104 104 105 105 106 106 106 106 106 106
201 201 201 201 201 201 201 201 201 53 53 53 53 53 52 53 52 52 51 201 201 201 201 201 202 202 202 202 201 202 202 51 52 53 203 201 201 201 201 201 201 201 202 103 104 104 105 106 105 104 103 102 104 104 104 104 104 104 104 104 104 104 104 104 104 102 102 103 104 104 105 105 105 104 104 103 102 101 102 104 104 104 106 107 107 105 104 104 105 105 106 106 106 106 106 106
201 201 201 201 201 201 201 201 201 53 53 53 53 53 52 53 52 52 51 201 201 201 201 201 202 202 202 202 201 202 202 51 52 53 203 201 201 201 201 201 201 201 202 103 104 104 105 106 105 104 103 102 104 104 104 104 104 104 104 104 104 104 104 104 104 102 102 103 104 104 105 105 105 104 104 103 102 101 102 104 104 104 106 107 107 105 104 104 105 105 106 106 106 106 106 106
201 201 201 201 201 201 201 51 51 52 52 53 52 52 52 51 53 202 201 201 201 201 201 202 202 203 53 203 202 51 202 203 203 201 201 201 201 201 201 201 201 203 103 104 105 105 106 105 103 102 101 101 104 103 101 102 102 102 102 102 102 102 101 101 101 101 101 101 102 104 104 104 104 104 103 101 101 101 101 102 103 104 104 104 104 104 102 101 104 103 102 103 104 105 105 105
201 201 201 201 201 201 201 51 51 52 52 53 52 52 52 51 53 202 201 201 201 201 201 202 202 203 53 203 202 51 202 203 203 201 201 201 201 201 201 201 201 203 103 104 105 105 106 105 103 102 101 101 104 103 101 102 102 102 102 102 102 102 101 101 101 101 101 101 102 104 104 104 104 104 103 101 101 101 101 102 103 104 104 104 104 104 102 101 104 103 102 103 104 105 105 105
201 201 201 201 201 201 201 201 201 203 203 203 203 203 203 203 202 201 201 201 201 201 51 52 52 52 52 52 52 51 201 202 202 201 201 201 201 201 201 201 203 204 205 104 105 105 105 103 101 101 101 101 104 104 101 101 101 101 101 101 101 101 101 101 101 101 101 101 101 101 102 102 101 101 101 101 101 101 101 101 101 101 101 101 101 101 101 101 103 104 104 103 102 101 101 101
201 201 201 201 201 201 201 201 201 203 203 203 203 203 203 203 202 201 201 201 201 201 51 52 52 52 52 52 52 51 201 202 202 201 201 201 201 201 201 201 203 204 205 104 105 105 105 103 101 101 101 101 104 104 101 101 101 101 101 101 101 101 101 101 101 101 101 101 101 101 102 102 101 101 101 101 101 101 101 101 101 101 101 101 101 101 101 101 103 104 104 103 102 101 101 101
201 201 201 201 201 201 201 201 201 203 203 203 203 203 203 203 202 201 201 201 201 201 51 52 52 52 52 52 52 51 201 202 202 201 201 201 201 201 201 201 203 204 205 104 105 105 105 103 101 101 101 101 104 104 101 101 101 101 101 101 101 101 101 101 101 101 101 101 101 101 102 102 101 101 101 101 101 101 101 101 101 101 101 101 101 101 101 101 103 104 104 103 102 101 101 101
201 201 201 201 201 201 201 201 201 201 202 203 203 203 202 201 201 201 201 201 202 53 53 53 52 51 202 202 202 201 201 201 201 201 201 201 202 202 202 204 105 105 105 105 104 104 103 101 101 101 101 101 103 104 104 102 101 101 101 101 101 101 101 101 101 101 101 101 101 101 101 101 101 101 101 101 101 101 101 101 101 101 101 101 101 101 101 101 101 103 104 104 104 104 103 102
201 201 201 201 201 201 201 201 201 201 202 203 203 203 202 201 201 201 201 201 202 53 53 53 52 51 202 202 202 201 201 201 201 201 201 201 202 202 202 204 105 105 105 105 104 104 103 101 101 101 101 101 103 104 104 102 101 101 101 101 101 101 101 101 101 101 101 101 101 101 101 101 101 101 101 101 101 101 101 101 101 101 101 101 101 101 101 101 101 103 104 104 104 104 103 102
201 201 201 201 201 201 201 201 201 201 202 203 203 203 202 201 201 201 201 201 202 53 53 53 52 51 202 202 202 201 201 201 201 201 201 201 202 202 202 204 105 105 105 105 104 104 103 101 101 101 101 101 103 104 104 102 101 101 101 101 101 101 101 101 101 101 101 101 101 101 101 101 101 101 101 101 101 101 101 101 101 101 101 101 101 101 101 101 101 103 104 104 104 104 103 102
201 201 201 201 201 201 201 201 201 201 202 203 203 203 202 201 201 201 201 201 202 53 53 53 52 51 202 202 202 201 201 201 201 201 201 201 202 202 202 204 105 105 105 105 104 104 103 101 101 101 101 101 103 104 104 102 101 101 101 101 101 101 101 101 101 101 101 101 101 101 101 101 101 101 101 101 101 101 101 101 101 101 101 101 101 101 101 101 101 103 104 104 104 104 103 102
206 207 207 206 205 202 201 202 202 204 207 207 207 207 207 207 207 207 207 207 57 57 57 57 56 54 55 55 55 56 56 56 206 206 206 206 207 207 206 106 106 105 105 104 103 102 101 101 101 101 101 101 101 102 104 104 103 102 101 101 101 101 101 101 101 101 101 101 101 101 101 101 101 101 101 101 101 101 101 101 101 101 101 101 101 101 101 101 101 101 102 103 104 104 104 104
206 207 207 206 205 202 201 202 202 204 207 207 207 207 207 207 207 207 207 207 57 57 57 57 56 54 55 55 55 56 56 56 206 206 206 206 207 207 206 106 106 105 105 104 103 102 101 101 101 101 101 101 101 102 104 104 103 102 101 101 101 101 101 101 101 101 101 101 101 101 101 101 101 101 101 101 101 101 101 101 101 101 101 101 101 101 101 101 101 101 102 103 104 104 104 104
206 207 207 206 205 202 201 202 202 204 207 207 207 207 207 207 207 207 207 207 57 57 57 57 56 54 55 55 55 56 56 56 206 206 206 206 207 207 206 106 106 105 105 104 103 102 101 101 101 101 101 101 101 102 104 104 103 102 101 101 101 101 101 101 101 101 101 101 101 101 101 101 101 101 101 101 101 101 101 101 101 101 101 101 101 101 101 101 101 101 102 103 104 104 104 104
206 207 207 206 205 202 201 202 202 204 207 207 207 207 207 207 207 207 207 207 57 57 57 57 56 54 55 55 55 56 56 56 206 206 206 206 207 207 206 106 106 105 105 104 103 102 101 101 101 101 101 101 101 102 104 104 103 102 101 101 101 101 101 101 101 101 101 101 101 101 101 101 101 101 101 101 101 101 101 101 101 101 101 101 101 101 101 101 101 101 102 103 104 104 104 104
206 207 207 206 205 202 201 202 202 204 207 207 207 207 207 207 207 207 207 207 57 57 57 57 56 54 55 55 55 56 56 56 206 206 206 206 207 207 206 106 106 105 105 104 103 102 101 101 101 101 101 101 101 102 104 104 103 102 101 101 101 101 101 101 101 101 101 101 101 101 101 101 101 101 101 101 101 101 101 101 101 101 101 101 101 101 101 101 101 101 102 103 104 104 104 104
106 107 107 108 108 107 107 107 107 108 107 107 107 107 107 107 107 107 107 107 107 106 106 106 106 56 57 57 57 58 58 107 108 108 108 107 107 107 107 106 105 104 103 102 101 101 101 101 102 102 102 102 102 102 102 104 104 104 103 101 101 101 101 101 101 101 101 101 101 101 101 101 101 101 101 101 101 101 101 101 101 101 101 101 101 101 101 101 101 101 101 101 101 102 103 104
106 107 107 108 108 107 107 107 107 108 107 107 107 107 107 107 107 107 107 107 107 106 106 106 106 56 57 57 57 58 58 107 108 108 108 107 107 107 107 106 105 104 103 102 101 101 101 101 102 102 102 102 102 102 102 104 104 104 103 101 101 101 101 101 101 101 101 101 101 101 101 101 101 101 101 101 101 101 101 101 101 101 101 101 101 101 101 101 101 101 101 101 101 102 103 104
106 107 107 108 108 107 107 107 107 108 107 107 107 107 107 107 107 107 107 107 107 106 106 106 106 56 57 57 57 58 58 107 108 108 108 107 107 107 107 106 105 104 103 102 101 101 101 101 102 102 102 102 102 102 102 104 104 104 103 101 101 101 101 101 101 101 101 101 101 101 101 101 101 101 101 101 101 101 101 101 101 101 101 101 101 101 101 101 101 101 101 101 101 102 103 104
106 107 107 108 108 107 107 107 107 108 107 107 107 107 107 107 107 107 107 107 107 106 106 106 106 56 57 57 57 58 58 107 108 108 108 107 107 107 107 106 105 104 103 102 101 101 101 101 102 102 102 102 102 102 102 104 104 104 103 101 101 101 101 101 101 101 101 101 101 101 101 101 101 101 101 101 101 101 101 101 101 101 101 101 101 101 101 101 101 101 101 101 101 102 103 104
106 107 107 108 108 107 107 107 107 108 107 107 107 107 107 107 107 107 107 107 107 106 106 106 106 56 57 57 57 58 58 107 108 108 108 107 107 107 107 106 105 104 103 102 101 101 101 101 102 102 102 102 102 102 102 104 104 104 103 101 101 101 101 101 101 101 101 101 101 101 101 101 101 101 101 101 101 101 101 101 101 101 101 101 101 101 101 101 101 101 101 101 101 102 103 104
